[Project1] 2263 1586668253.293751536 1586668254.041003571
[Project1] 2264 1586668254.839339328 1586668255.633769858
[Project1] 2265 1586668256.429788260 1586668257.163710252
[Project1] 2266 1586668257.982487922 1586668258.969885811
[Project1] 2267 1586668259.713094768 1586668260.541063653
[Project1] 2268 1586668261.278285845 1586668262.041815607
[Project1] 2269 1586668262.837403925 1586668263.632856938
[Project1] 2270 1586668264.427831288 1586668265.162469504
[Project1] 2271 1586668265.963915570 1586668266.747210914
[Project1] 2272 1586668267.564932356 1586668268.342702726
